acquire 1574
    0376 1574 1578 2507 2537
    2579 2612 2646 2673 2767
    2829 2874 2889 2916 2929
    3126 3143 3416 3772 3792
    4260 4315 4420 4481 4680
    4707 4724 4781 5058 5091
    5111 5140 5160 5170 5679
    5704 5718 6563 6584 6605
    8010 8181 8228 8264
allocproc 2456
    2456 2509 2582
allocuvm 1953
    0419 1953 1967 1973 2559
    6398 6412
alltraps 3304
    3259 3267 3280 3285 3303
    3304
ALT 7760
    7760 7788 7790
argfd 5869
    5869 5906 5921 5933 5944
    5956
argint 3595
    0394 3595 3608 3624 3733
    3756 3770 5874 5921 5933
    6158 6225 6226 6281
argptr 3604
    0395 3604 5921 5933 5956
    6307
argstr 3621
    0396 3621 5968 6058 6158
    6207 6224 6257 6281
__attribute__ 1411
    0271 0364 1309 1411
BACK 8611
    8611 8724 8870 9139
backcmd 8646 8864
    8646 8659 8725 8864 8866
    8992 9105 9140
BACKSPACE 8100
    8100 8117 8159 8192 8198
balloc 4854
    4854 4874 5217 5225 5229
BBLOCK 4010
    4010 4861 4885
B_BUSY 3809
    3809 4308 4426 4427 4440
    4443 4467 4478 4490
B_DIRTY 3811
    3811 4245 4269 4274 4310
    4328 4440 4469 4789
begin_op 4678
    0335 2641 4678 5733 5824
    5971 6061 6161 6206 6223
    6256 6370
bfree 4879
    4879 5264 5274 5277
bget 4416
    4416 4448 4456
binit 4389
    0262 1331 4389
bmap 5210
    4973 5210 5236 5319 5369
bootmain 9267
    9218 9267
BPB 4007
    4007 4010 4860 4862 4886
bread 4452
    0263 4452 4627 4628 4640
    4656 4738 4739 4834 4845
    4861 4885 5010 5031 5118
    5226 5270 5319 5369
brelse 4476
    0264 4476 4479 4631 4632
    4647 4664 4742 4743 4836
    4848 4867 4872 4892 5016
    5019 5040 5126 5232 5276
    5322 5373
BSIZE 3955
    3807 3955 3974 4001 4007
    4231 4247 4270 4608 4629
    4740 4846 5319 5320 5321
    5365 5369 5370 5371
buf 3800
    0250 0263 0264 0265 0307
    0334 2120 2123 2132 2134
    3800 3804 3805 3806 4162
    4180 4183 4225 4257 4304
    4306 4309 4377 4381 4385
    4391 4403 4415 4418 4451
    4454 4465 4476 4555 4627
    4628 4640 4641 4647 4656
    4657 4663 4664 4738 4739
    4772 4819 4832 4843 4857
    4881 5006 5028 5105 5213
    5259 5305 5355 7979 7990
    7994 7997 8168 8190 8204
    8238 8259 8266 8734 8737
    8738 8739 8753 8765 8766
    8768 8769 8770 8774
B_VALID 3810
    3810 4273 4310 4328 4457
bwrite 4465
    0265 4465 4468 4630 4663
    4741
bzero 4841
    4841 4868
C 7781 8174
    7781 7829 7854 7855 7856
    7857 7858 7860 8174 8184
    8188 8195 8206 8239
CAPSLOCK 7762
    7762 7795 7936
cgaputc 8105
    8105 8163
clearpteu 2034
    0428 2034 2040 6414
cli 0557
    0557 0559 1224 1660 8060
    8154 9162
cmd 8615
    8615 8627 8636 8637 8642
    8643 8648 8652 8656 8665
    8668 8673 8681 8687 8691
    8701 8725 8727 8802 8805
    8807 8808 8809 8810 8813
    8814 8816 8818 8819 8820
    8821 8822 8823 8824 8825
    8826 8829 8830 8832 8834
    8835 8836 8837 8838 8839
    8850 8851 8853 8855 8856
    8857 8858 8859 8860 8863
    8864 8866 8868 8869 8870
    8871 8872 8962 8963 8964
    8965 8967 8971 8974 8980
    8981 8984 8987 8989 8992
    8996 8998 9000 9003 9005
    9008 9010 9013 9014 9025
    9028 9031 9035 9050 9053
    9058 9062 9063 9066 9071
    9072 9078 9087 9088 9094
    9095 9101 9102 9111 9114
    9116 9122 9123 9128 9134
    9140 9141 9144
CMOS_PORT 7350
    7350 7364 7365 7413
CMOS_RETURN 7351
    7351 7416
CMOS_STATA 7400
    7400 7442
CMOS_STATB 7401
    7401 7435
CMOS_UIP 7402
    7402 7442
COM1 8363
    8363 8373 8376 8377 8378
    8379 8380 8381 8384 8390
    8391 8407 8409 8417 8419
commit 4751
    4603 4723 4751
CONSOLE 4087
    4087 8278 8279
consoleinit 8274
    0268 1327 8274
consoleintr 8177
    0270 7948 8177 8425
consoleread 8221
    8221 8279
consolewrite 8259
    8259 8278
consputc 8151
    7966 7997 8018 8036 8039
    8043 8044 8151 8192 8198
    8205 8266
context 2340
    0251 0373 2303 2340 2361
    2486 2487 2488 2489 2778
    2821 2978
CONV 7452
    7452 7453 7454 7455 7456
    7457 7458 7459
copyout 2118
    0427 2118 6422 6433
copyuvm 2053
    0424 2053 2064 2066 2590
cprintf 8002
    0269 1324 1364 1967 1973
    2976 2980 2982 3440 3453
    3458 3683 4972 7313 7562
    8002 8062 8063 8064 8067
cpu 2301
    0310 1364 1366 1378 1506
    1566 1590 1608 1647 1661
    1662 1663 1671 1673 1717
    1730 1736 1876 1877 1878
    1879 1882 2301 2311 2315
    2326 2778 2814 2820 2821
    2822 3440 3453 3458 6963
    7313 8062
cpunum 7301
    0325 1324 1364 1388 1723
    3415 3441 3454 3460 7301
    7573 7582
CR0_PE 0727
    0727 1237 1270 9193
CR0_PG 0737
    0737 1154 1270
CR0_WP 0733
    0733 1154 1270
CR4_PSE 0739
    0739 1147 1263
create 6107
    6107 6127 6140 6144 6164
    6207 6227
CRTPORT 8101
    8101 8110 8111 8112 8113
    8131 8132 8133 8134
CTL 7759
    7759 7785 7789 7935
DAY 7407
    7407 7424
deallocuvm 1987
    0420 1968 1974 1987 2021
    2562
DEVSPACE 0204
    0204 1832 1845
devsw 4080
    4080 4085 5308 5310 5358
    5360 5661 8278 8279
dinode 3978
    3978 4001 5007 5011 5029
    5032 5106 5119
dirent 4015
    4015 5414 5455 6016 6054
dirlink 5452
    0287 5421 5452 5467 5475
    5991 6139 6143 6144
dirlookup 5411
    0288 5411 5417 5459 5575
    6073 6117
DIRSIZ 4013
    4013 4017 5405 5472 5528
    5529 5592 5965 6055 6111
DPL_USER 0829
    0829 1726 1727 2522 2523
    3373 3468 3477
E0ESC 7766
    7766 7920 7924 7925 7927
    7930
elfhdr 1005
    1005 6365 9269 9274
ELF_MAGIC 1002
    1002 6381 9280
ELF_PROG_LOAD 1036
    1036 6392
end_op 4703
    0336 2643 4703 5735 5829
    5973 5980 5998 6007 6063
    6097 6102 6166 6171 6177
    6186 6190 6208 6212 6228
    6232 6258 6264 6269 6372
    6406 6457
entry 1144
    1011 1140 1143 1144 3252
    3253 6446 6821 9271 9295
    9296
EOI 7167
    7167 7284 7333
ERROR 7188
    7188 7277
ESR 7170
    7170 7280 7281
exec 6360
    0274 6297 6360 8518 8579
    8580 8676 8677
EXEC 8607
    8607 8672 8809 9115
execcmd 8619 8803
    8619 8660 8673 8803 8805
    9071 9077 9078 9106 9116
exit 2625
    0358 2625 2662 3405 3409
    3469 3478 3718 8467 8470
    8511 8576 8581 8666 8675
    8685 8730 8777 8784
EXTMEM 0202
    0202 0208 1829
fdalloc 5888
    5888 5908 6182 6312
fetchint 3567
    0397 3567 3597 6288
fetchstr 3579
    0398 3579 3626 6294
file 4050
    0252 0277 0278 0279 0281
    0282 0283 0351 2364 4050
    4820 5658 5664 5674 5677
    5680 5701 5702 5714 5716
    5752 5765 5802 5863 5869
    5872 5888 5903 5917 5929
    5942 5953 6155 6304 6506
    6521 7960 8358 8628 8683
    8684 8814 8822 9022
filealloc 5675
    0277 5675 6182 6527
fileclose 5714
    0278 2636 5714 5720 5947
    6184 6315 6316 6554 6556
filedup 5702
    0279 2605 5702 5706 5910
fileinit 5668
    0280 1332 5668
fileread 5765
    0281 5765 5780 5923
filestat 5752
    0282 5752 5958
filewrite 5802
    0283 5802 5834 5839 5935
FL_IF 0710
    0710 1662 1669 2526 2818
    7310
fork 2574
    0359 2574 3712 8510 8573
    8575 8792 8794
fork1 8788
    8650 8692 8704 8711 8726
    8773 8788
forkret 2838
    2417 2489 2838
freerange 3101
    3061 3084 3090 3101
freevm 2015
    0421 2015 2020 2078 2686
    6449 6454
FSSIZE 0162
    0162 4229
gatedesc 0951
    0523 0526 0951 3361
getcallerpcs 1627
    0377 1591 1627 2978 8065
getcmd 8734
    8734 8765
gettoken 8906
    8906 8991 8995 9007 9020
    9021 9057 9061 9083
growproc 2553
    0360 2553 3759
havedisk1 4182
    4182 4214 4312
holding 1645
    0378 1577 1604 1645 2812
HOURS 7406
    7406 7423
ialloc 5003
    0289 5003 5021 6126 6127
IBLOCK 4004
    4004 5010 5031 5118
I_BUSY 4075
    4075 5112 5114 5137 5141
    5163 5165
ICRHI 7181
    7181 7287 7372 7384
ICRLO 7171
    7171 7288 7289 7373 7375
    7385
ID 7164
    7164 7204 7320
IDE_BSY 4165
    4165 4191
IDE_CMD_RDMUL 4172
    4172 4233
IDE_CMD_READ 4170
    4170 4233
IDE_CMD_WRITE 4171
    4171 4234
IDE_CMD_WRMUL 4173
    4173 4234
IDE_DF 4167
    4167 4193
IDE_DRDY 4166
    4166 4191
IDE_ERR 4168
    4168 4193
ideinit 4201
    0305 1333 4201
ideintr 4255
    0306 3424 4255
idelock 4179
    4179 4205 4260 4262 4281
    4315 4329 4332
iderw 4304
    0307 4304 4309 4311 4313
    4458 4470
idestart 4225
    4183 4225 4228 4236 4279
    4325
idewait 4187
    4187 4208 4238 4269
idtinit 3379
    0404 1365 3379
idup 5089
    0290 2606 5089 5562
iget 5054
    4978 5017 5054 5074 5429
    5560
iinit 4968
    0291 2849 4968
ilock 5103
    0292 5103 5109 5129 5565
    5755 5774 5825 5977 5990
    6003 6067 6075 6115 6119
    6129 6174 6261 6375 8233
    8253 8268
inb 0453
    0453 4191 4213 7104 7416
    7914 7917 8111 8113 8384
    8390 8391 8407 8417 8419
    9173 9181 9304
initlock 1562
    0379 1562 2425 3082 3375
    4205 4393 4612 4970 5670
    6535 8276
initlog 4606
    0333 2850 4606 4609
inituvm 1903
    0422 1903 1908 2519
inode 4062
    0253 0287 0288 0289 0290
    0292 0293 0294 0295 0296
    0298 0299 0300 0301 0302
    0423 1918 2365 4056 4062
    4081 4082 4823 4964 4978
    5002 5026 5053 5056 5062
    5088 5089 5103 5135 5158
    5180 5210 5256 5287 5302
    5352 5410 5411 5452 5456
    5554 5557 5589 5600 5966
    6013 6053 6106 6110 6156
    6204 6219 6254 6366 8221
    8259
INPUT_BUF 8166
    8166 8168 8190 8202 8204
    8206 8238
insl 0462
    0462 0464 4270 9323
install_trans 4622
    4622 4671 4756
INT_DISABLED 7519
    7519 7567
ioapic 7527
    7057 7074 7075 7524 7527
    7536 7537 7543 7544 7558
IOAPIC 7508
    7508 7558
ioapicenable 7573
    0310 4207 7573 8283 8393
ioapicid 6966
    0311 6966 7075 7092 7561
    7562
ioapicinit 7551
    0312 1326 7551 7562
ioapicread 7534
    7534 7559 7560
ioapicwrite 7541
    7541 7567 7568 7581 7582
IO_PIC1 7607
    7607 7620 7635 7644 7647
    7652 7662 7676 7677
IO_PIC2 7608
    7608 7621 7636 7665 7666
    7667 7670 7679 7680
IO_TIMER1 8309
    8309 8318 8328 8329
IPB 4001
    4001 4004 5011 5032 5119
iput 5158
    0293 2642 5158 5164 5183
    5460 5583 5734 5996 6268
IRQ_COM1 3233
    3233 3434 8392 8393
IRQ_ERROR 3235
    3235 7277
IRQ_IDE 3234
    3234 3423 3427 4206 4207
IRQ_KBD 3232
    3232 3430 8282 8283
IRQ_SLAVE 7610
    7610 7614 7652 7667
IRQ_SPURIOUS 3236
    3236 3439 7257
IRQ_TIMER 3231
    3231 3414 3473 7264 8330
isdirempty 6013
    6013 6020 6079
ismp 6964
    0339 1334 6964 7061 7084
    7088 7555 7575
itrunc 5256
    4823 5167 5256
iunlock 5135
    0294 5135 5138 5182 5572
    5757 5777 5828 5986 6189
    6267 8226 8263
iunlockput 5180
    0295 5180 5567 5576 5579
    5979 5992 5995 6006 6080
    6091 6095 6101 6118 6122
    6146 6176 6185 6211 6231
    6263 6405 6456
iupdate 5026
    0296 5026 5169 5282 5378
    5985 6005 6089 6094 6133
    6137
I_VALID 4076
    4076 5117 5127 5161
kalloc 3138
    0315 1394 1763 1842 1909
    1965 2069 2471 3138 6529
KBDATAP 7754
    7754 7917
kbdgetc 7906
    7906 7948
kbdintr 7946
    0321 3431 7946
KBS_DIB 7753
    7753 7915
KBSTATP 7752
    7752 7914
KERNBASE 0207
    0207 0208 0210 0211 0213
    0214 1416 1634 1829 1958
    2021
KERNLINK 0208
    0208 1830
KEY_DEL 7778
    7778 7819 7841 7865
KEY_DN 7772
    7772 7815 7837 7861
KEY_END 7770
    7770 7818 7840 7864
KEY_HOME 7769
    7769 7818 7840 7864
KEY_INS 7777
    7777 7819 7841 7865
KEY_LF 7773
    7773 7817 7839 7863
KEY_PGDN 7776
    7776 7816 7838 7862
KEY_PGUP 7775
    7775 7816 7838 7862
KEY_RT 7774
    7774 7817 7839 7863
KEY_UP 7771
    7771 7815 7837 7861
kfree 3115
    0316 1975 2003 2005 2025
    2028 2591 2684 3106 3115
    3120 6552 6573
kill 2925
    0361 2925 3459 3735 8517
kinit1 3080
    0317 1319 3080
kinit2 3088
    0318 1337 3088
KSTACKSIZE 0151
    0151 1158 1167 1395 1879
    2475
kvmalloc 1857
    0416 1320 1857
lapiceoi 7330
    0327 3421 3425 3432 3436
    3442 7330
lapicinit 7251
    0328 1322 1356 7251
lapicstartap 7356
    0329 1399 7356
lapicw 7201
    7201 7257 7263 7264 7265
    7268 7269 7274 7277 7280
    7281 7284 7287 7288 7293
    7333 7372 7373 7375 7384
    7385
lcr3 0590
    0590 1868 1886
lgdt 0512
    0512 0520 1235 1732 9191
lidt 0526
    0526 0534 3381
LINT0 7186
    7186 7268
LINT1 7187
    7187 7269
LIST 8610
    8610 8690 8857 9133
listcmd 8640 8851
    8640 8661 8691 8851 8853
    8996 9107 9134
loadgs 0551
    0551 1733
loaduvm 1918
    0423 1918 1924 1927 6402
log 4587 4600
    4587 4600 4612 4614 4615
    4616 4626 4627 4628 4640
    4643 4644 4645 4656 4659
    4660 4661 4672 4680 4682
    4683 4684 4686 4688 4689
    4707 4708 4709 4710 4711
    4713 4716 4718 4724 4725
    4726 4727 4737 4738 4739
    4753 4757 4776 4778 4781
    4782 4783 4786 4787 4788
    4790
logheader 4582
    4582 4594 4608 4609 4641
    4657
LOGSIZE 0160
    0160 4584 4684 4776 5817
log_write 4772
    0334 4772 4779 4847 4866
    4891 5015 5039 5230 5372
ltr 0538
    0538 0540 1883
mappages 1779
    1779 1848 1911 1972 2072
MAXARG 0158
    0158 6277 6364 6419
MAXARGS 8613
    8613 8621 8622 9090
MAXFILE 3975
    3975 5365
MAXOPBLOCKS 0159
    0159 0160 0161 4684
memcmp 6665
    0385 6665 6988 7038 7445
memmove 6681
    0386 1385 1912 2071 2132
    4629 4740 4835 5038 5125
    5321 5371 5529 5531 6681
    6704 8126
memset 6654
    0387 1766 1844 1910 1971
    2488 2521 3123 4846 5013
    6084 6284 6654 8128 8737
    8808 8819 8835 8856 8869
microdelay 7339
    0330 7339 7374 7376 7386
    7414 8408
min 4822
    4822 5320 5370
MINS 7405
    7405 7422
MONTH 7408
    7408 7425
mp 6802
    6802 6958 6980 6987 6988
    6989 7005 7010 7014 7015
    7018 7019 7030 7033 7035
    7037 7044 7054 7059 7100
MPBUS 6852
    6852 7078
mpconf 6813
    6813 7029 7032 7037 7055
mpconfig 7030
    7030 7059
mpenter 1352
    1352 1396
mpinit 7051
    0340 1321 7051
mpioapic 6839
    6839 7057 7074 7076
MPIOAPIC 6853
    6853 7073
MPIOINTR 6854
    6854 7079
MPLINTR 6855
    6855 7080
mpmain 1362
    1309 1339 1357 1362
mpproc 6828
    6828 7056 7066 7071
MPPROC 6851
    6851 7065
mpsearch 7006
    7006 7035
mpsearch1 6981
    6981 7014 7018 7021
multiboot_header 1129
    1128 1129
namecmp 5403
    0297 5403 5424 6070
namei 5590
    0298 2531 5590 5972 6170
    6257 6371
nameiparent 5601
    0299 5555 5570 5582 5601
    5988 6062 6113
namex 5555
    5555 5593 5603
NBUF 0161
    0161 4381 4403
ncpu 6965
    1324 1387 2316 4207 6965
    7067 7068 7069 7090 7321
NCPU 0152
    0152 2315 6963 7067
NDEV 0156
    0156 5308 5358 5661
NDIRECT 3973
    3973 3975 3984 4073 5215
    5220 5224 5225 5262 5269
    5270 5277 5278
NELEM 0431
    0431 1847 2972 3680 6286
nextpid 2416
    2416 2468
NFILE 0154
    0154 5664 5680
NINDIRECT 3974
    3974 3975 5222 5272
NINODE 0155
    0155 4964 5062
NO 7756
    7756 7802 7805 7807 7808
    7809 7810 7812 7824 7827
    7829 7830 7831 7832 7834
    7852 7853 7855 7856 7857
    7858
NOFILE 0153
    0153 2364 2603 2634 5876
    5892
NPDENTRIES 0871
    0871 1412 2022
NPROC 0150
    0150 2411 2461 2651 2677
    2768 2907 2930 2969
NPTENTRIES 0872
    0872 1999
NSEGS 0751
    0751 2305
nulterminate 9102
    8965 8980 9102 9123 9129
    9130 9135 9136 9141
NUMLOCK 7763
    7763 7796
O_CREATE 3853
    3853 6163 9028 9031
O_RDONLY 3850
    3850 6175 9025
O_RDWR 3852
    3852 6196 8564 8566 8757
outb 0471
    0471 4211 4220 4239 4240
    4241 4242 4243 4244 4246
    4249 7103 7104 7364 7365
    7413 7620 7621 7635 7636
    7644 7647 7652 7662 7665
    7666 7667 7670 7676 7677
    7679 7680 8110 8112 8131
    8132 8133 8134 8327 8328
    8329 8373 8376 8377 8378
    8379 8380 8381 8409 9178
    9186 9314 9315 9316 9317
    9318 9319
outsl 0483
    0483 0485 4247
outw 0477
    0477 1280 1282 9224 9226
O_WRONLY 3851
    3851 6195 6196 9028 9031
P2V 0211
    0211 1319 1337 1384 1761
    1845 1933 2004 2024 2071
    2111 6985 7012 7037 7366
    8102
panic 8055 8781
    0271 1578 1605 1670 1672
    1790 1846 1885 1908 1924
    1927 2003 2020 2040 2064
    2066 2518 2631 2662 2813
    2815 2817 2819 2862 2865
    3120 3455 4228 4230 4236
    4309 4311 4313 4448 4468
    4479 4609 4710 4777 4779
    4874 4889 5021 5074 5109
    5129 5138 5164 5236 5417
    5421 5467 5475 5706 5720
    5780 5834 5839 6020 6078
    6086 6127 6140 6144 7325
    8013 8055 8062 8123 8651
    8670 8703 8781 8794 8978
    9022 9056 9060 9086 9091
panicked 7968
    7968 8068 8153
parseblock 9051
    9051 9056 9075
parsecmd 8968
    8652 8774 8968
parseexec 9067
    8964 9005 9067
parseline 8985
    8962 8974 8985 8996 9058
parsepipe 9001
    8963 8989 9001 9008
parseredirs 9014
    9014 9062 9081 9092
PCINT 7185
    7185 7274
pde_t 0103
    0103 0417 0418 0419 0420
    0421 0422 0423 0424 0427
    0428 1310 1370 1412 1710
    1754 1756 1779 1836 1839
    1842 1903 1918 1953 1987
    2015 2034 2052 2053 2055
    2102 2118 2355 6368
PDX 0862
    0862 1759
PDXSHIFT 0877
    0862 0868 0877 1416
peek 8951
    8951 8975 8990 8994 9006
    9019 9055 9059 9074 9082
PGROUNDDOWN 0880
    0880 1784 1785 2125
PGROUNDUP 0879
    0879 1963 1995 3104 6411
PGSIZE 0873
    0873 0879 0880 1411 1766
    1794 1795 1844 1907 1910
    1911 1923 1925 1929 1932
    1964 1971 1972 1996 1999
    2062 2071 2072 2129 2135
    2520 2527 3105 3119 3123
    6400 6412 6414
PHYSTOP 0203
    0203 1337 1831 1845 1846
    3119
picenable 7625
    0343 4206 7625 8282 8330
    8392
picinit 7632
    0344 1325 7632
picsetmask 7617
    7617 7627 7683
pinit 2423
    0362 1329 2423
pipe 6511
    0254 0352 0353 0354 4055
    5731 5772 5809 6511 6523
    6529 6535 6539 6543 6561
    6580 6601 8513 8702 8703
PIPE 8609
    8609 8700 8836 9127
pipealloc 6521
    0351 6309 6521
pipeclose 6561
    0352 5731 6561
pipecmd 8634 8830
    8634 8662 8701 8830 8832
    9008 9108 9128
piperead 6601
    0353 5772 6601
PIPESIZE 6509
    6509 6513 6586 6594 6616
pipewrite 6580
    0354 5809 6580
popcli 1667
    0382 1622 1667 1670 1672
    1887
printint 7976
    7976 8026 8030
proc 2353
    0255 0425 1305 1558 1706
    1737 1873 1879 2312 2327
    2353 2359 2406 2411 2414
    2455 2458 2461 2504 2557
    2559 2562 2565 2566 2577
    2590 2597 2598 2599 2604
    2605 2606 2608 2627 2630
    2635 2636 2637 2642 2644
    2649 2651 2652 2660 2670
    2677 2678 2701 2707 2760
    2768 2775 2783 2816 2821
    2830 2861 2879 2880 2884
    2905 2907 2927 2930 2965
    2969 3355 3404 3406 3408
    3451 3459 3460 3462 3468
    3473 3477 3555 3569 3583
    3586 3597 3610 3679 3681
    3684 3685 3707 3741 3758
    3775 4157 4816 5562 5861
    5876 5893 5894 5946 6268
    6270 6314 6354 6440 6443
    6444 6445 6446 6447 6448
    6504 6587 6607 6961 7056
    7066 7068 7161 7963 8231
    8360
procdump 2954
    0363 2954 8216
proghdr 1024
    1024 6367 9270 9284
PTE_ADDR 0894
    0894 1761 1928 2001 2024
    2067 2111
PTE_FLAGS 0895
    0895 2068
PTE_P 0883
    0883 1414 1416 1760 1770
    1789 1791 2000 2023 2065
    2107
PTE_PS 0890
    0890 1414 1416
pte_t 0898
    0898 1753 1757 1761 1763
    1782 1921 1989 2036 2056
    2104
PTE_U 0885
    0885 1770 1911 1972 2041
    2109
PTE_W 0884
    0884 1414 1416 1770 1829
    1831 1832 1911 1972
PTX 0865
    0865 1772
PTXSHIFT 0876
    0865 0868 0876
pushcli 1655
    0381 1576 1655 1875
rcr2 0582
    0582 3454 3461
readeflags 0544
    0544 1659 1669 2818 7310
read_head 4638
    4638 4670
readi 5302
    0300 1933 5302 5420 5466
    5775 6019 6020 6379 6390
readsb 4830
    0286 4613 4830 4884 4971
readsect 9310
    9310 9345
readseg 9329
    9264 9277 9288 9329
recover_from_log 4668
    4602 4617 4668
REDIR 8608
    8608 8680 8820 9121
redircmd 8625 8814
    8625 8663 8681 8814 8816
    9025 9028 9031 9109 9122
REG_ID 7510
    7510 7560
REG_TABLE 7512
    7512 7567 7568 7581 7582
REG_VER 7511
    7511 7559
release 1602
    0380 1602 1605 2514 2541
    2583 2587 2594 2616 2692
    2702 2785 2832 2842 2875
    2888 2918 2936 2940 3131
    3148 3419 3776 3781 3794
    4262 4281 4332 4428 4444
    4493 4689 4718 4727 4790
    5065 5081 5093 5115 5143
    5166 5175 5683 5687 5708
    5722 5728 6572 6575 6588
    6597 6608 6619 8051 8214
    8232 8252 8267
ROOTDEV 0157
    0157 2849 2850 5560
ROOTINO 3954
    3954 5560
run 3064
    2961 3064 3065 3071 3117
    3127 3140
runcmd 8656
    8656 8670 8687 8693 8695
    8709 8716 8727 8774
RUNNING 2350
    2350 2777 2816 2961 3473
safestrcpy 6732
    0388 2530 2608 6440 6732
sb 4826
    0286 4004 4010 4611 4613
    4614 4615 4826 4830 4835
    4860 4861 4862 4884 4885
    4971 4972 4973 4974 4975
    5009 5010 5031 5118 7433
    7435 7437
sched 2808
    0365 2661 2808 2813 2815
    2817 2819 2831 2881
scheduler 2758
    0364 1367 2303 2758 2778
    2821
SCROLLLOCK 7764
    7764 7797
SECS 7404
    7404 7421
SECTOR_SIZE 4164
    4164 4231
SECTSIZE 9262
    9262 9323 9336 9339 9344
SEG 0819
    0819 1724 1725 1726 1727
    1730
SEG16 0823
    0823 1876
SEG_ASM 0660
    0660 1289 1290 9234 9235
segdesc 0802
    0509 0512 0802 0819 0823
    2305
seginit 1715
    0415 1323 1355 1715
SEG_KCODE 0742
    0742 1243 1724 3372 3373
    9203
SEG_KCPU 0744
    0744 1730 1733 3316
SEG_KDATA 0743
    0743 1253 1725 1878 3313
    9208
SEG_NULLASM 0654
    0654 1288 9233
SEG_TSS 0747
    0747 1876 1877 1883
SEG_UCODE 0745
    0745 1726 2522
SEG_UDATA 0746
    0746 1727 2523
SETGATE 0971
    0971 3372 3373
setupkvm 1837
    0417 1837 1859 2060 2517
    6384
SHIFT 7758
    7758 7786 7787 7935
skipelem 5515
    5515 5564
sleep 2859
    0366 2707 2859 2862 2865
    2959 3779 4329 4431 4683
    4686 5113 6592 6611 8236
    8529
spinlock 1501
    0257 0366 0376 0378 0379
    0380 0407 1501 1559 1562
    1574 1602 1645 2407 2410
    2859 3059 3069 3358 3363
    4160 4179 4375 4380 4553
    4588 4817 4963 5659 5663
    6507 6512 7958 7971 8356
STA_R 0669 0836
    0669 0836 1289 1724 1726
    9234
start 1223 8459 9161
    1222 1223 1266 1274 1276
    4589 4614 4627 4640 4656
    4738 4973 8458 8459 9160
    9161 9217
startothers 1374
    1308 1336 1374
stat 3904
    0258 0282 0301 3904 4814
    5287 5752 5859 5954 8553
stati 5287
    0301 5287 5756
STA_W 0668 0835
    0668 0835 1290 1725 1727
    1730 9235
STA_X 0665 0832
    0665 0832 1289 1724 1726
    9234
sti 0563
    0563 0565 1674 2764
stosb 0492
    0492 0494 6660 9290
stosl 0501
    0501 0503 6658
strlen 6751
    0389 6421 6422 6751 8768
    8973
strncmp 6708
    0390 5405 6708
strncpy 6718
    0391 5472 6718
STS_IG32 0850
    0850 0977
STS_T32A 0847
    0847 1876
STS_TG32 0851
    0851 0977
sum 6969
    6969 6971 6973 6975 6976
    6988 7042
superblock 3963
    0259 0286 3963 4611 4826
    4830
SVR 7168
    7168 7257
switchkvm 1866
    0426 1354 1860 1866 2779
switchuvm 1873
    0425 1873 1885 2566 2776
    6448
swtch 3008
    0373 2778 2821 3007 3008
syscall 3675
    0399 3407 3557 3675
SYSCALL 8503 8510 8511 8512 8513 8514 8515 8516 8517 8518 8519 8520 8521 8522 8523 8524 8525 8526 8527 8528 8529 8530
    8510 8511 8512 8513 8514
    8515 8516 8517 8518 8519
    8520 8521 8522 8523 8524
    8525 8526 8527 8528 8529
    8530
sys_chdir 6251
    3629 3659 6251
SYS_chdir 3509
    3509 3659
sys_close 5939
    3630 3671 5939
SYS_close 3521
    3521 3671
sys_dup 5901
    3631 3660 5901
SYS_dup 3510
    3510 3660
sys_exec 6275
    3632 3657 6275
SYS_exec 3507
    3507 3657 8463
sys_exit 3716
    3633 3652 3716
SYS_exit 3502
    3502 3652 8468
sys_fork 3710
    3634 3651 3710
SYS_fork 3501
    3501 3651
sys_fstat 5951
    3635 3658 5951
SYS_fstat 3508
    3508 3658
sys_getpid 3739
    3636 3661 3739
SYS_getpid 3511
    3511 3661
sys_kill 3729
    3637 3656 3729
SYS_kill 3506
    3506 3656
sys_link 5963
    3638 3669 5963
SYS_link 3519
    3519 3669
sys_mkdir 6201
    3639 3670 6201
SYS_mkdir 3520
    3520 3670
sys_mknod 6217
    3640 3667 6217
SYS_mknod 3517
    3517 3667
sys_open 6151
    3641 3665 6151
SYS_open 3515
    3515 3665
sys_pipe 6301
    3642 3654 6301
SYS_pipe 3504
    3504 3654
sys_read 5915
    3643 3655 5915
SYS_read 3505
    3505 3655
sys_sbrk 3751
    3644 3662 3751
SYS_sbrk 3512
    3512 3662
sys_sleep 3765
    3645 3663 3765
SYS_sleep 3513
    3513 3663
sys_unlink 6051
    3646 3668 6051
SYS_unlink 3518
    3518 3668
sys_uptime 3788
    3649 3664 3788
SYS_uptime 3514
    3514 3664
sys_wait 3723
    3647 3653 3723
SYS_wait 3503
    3503 3653
sys_write 5927
    3648 3666 5927
SYS_write 3516
    3516 3666
taskstate 0901
    0901 2304
TDCR 7192
    7192 7263
T_DEV 3902
    3902 5307 5357 6227
T_DIR 3900
    3900 5416 5566 5978 6079
    6087 6135 6175 6207 6262
T_FILE 3901
    3901 6120 6164
ticks 3364
    0405 3364 3417 3418 3773
    3774 3779 3793
tickslock 3363
    0407 3363 3375 3416 3419
    3772 3776 3779 3781 3792
    3794
TICR 7190
    7190 7265
TIMER 7182
    7182 7264
TIMER_16BIT 8321
    8321 8327
TIMER_DIV 8316
    8316 8328 8329
TIMER_FREQ 8315
    8315 8316
timerinit 8324
    0401 1335 8324
TIMER_MODE 8318
    8318 8327
TIMER_RATEGEN 8320
    8320 8327
TIMER_SEL0 8319
    8319 8327
T_IRQ0 3229
    3229 3414 3423 3427 3430
    3434 3438 3439 3473 7257
    7264 7277 7567 7581 7647
    7666
TPR 7166
    7166 7293
trap 3401
    3252 3254 3322 3401 3453
    3455 3458
trapframe 0602
    0602 2360 2479 3401
trapret 3327
    2418 2484 3326 3327
T_SYSCALL 3226
    3226 3373 3403 8464 8469
    8507
tvinit 3367
    0406 1330 3367
uart 8365
    8365 8386 8405 8415
uartgetc 8413
    8413 8425
uartinit 8368
    0410 1328 8368
uartintr 8423
    0411 3435 8423
uartputc 8401
    0412 8160 8162 8397 8401
userinit 2502
    0367 1338 2502 2518
uva2ka 2102
    0418 2102 2126
V2P 0210
    0210 1397 1399 1770 1830
    1831 1868 1886 1911 1972
    2072 3119
V2P_WO 0213
    0213 1140 1150
VER 7165
    7165 7273
wait 2668
    0368 2668 3725 8512 8583
    8694 8720 8721 8775
waitdisk 9301
    9301 9313 9322
wakeup 2914
    0369 2914 3418 4275 4491
    4716 4726 5142 5172 6566
    6569 6591 6596 6618 8208
wakeup1 2903
    2420 2649 2655 2903 2917
walkpgdir 1754
    1754 1787 1926 1997 2038
    2063 2106
write_head 4654
    4654 4673 4755 4758
writei 5352
    0302 5352 5474 5826 6085
    6086
write_log 4733
    4733 4754
xchg 0569
    0569 1366 1581
YEAR 7409
    7409 7426
yield 2827
    0370 2827 3474
